{
  "asset": {
    "version": "2.0",
    "generator": "THREE.GLTFExporter"
  },
  "scenes": [
    {
      "nodes": [
        0
      ]
    }
  ],
  "scene": 0,
  "nodes": [
    {
      "children": [
        427
      ],
      "matrix": [
        0.01,
        0,
        0,
        0,
        0,
        0.01,
        0,
        0,
        0,
        0,
        0.01,
        0,
        0,
        0,
        0,
        1
      ]
    },
    {
      "matrix": [
        1,
        0,
        0,
        0,
        0,
        1,
        0,
        0,
        0,
        0,
        1,
        0,
        44.092506005438025,
        108.57326912956361,
        6.122666181327482,
        1
      ],
      "name": "Sphere",
      "mesh": 0
    },
    {
      "matrix": [
        -0.16439820233607372,
        0.7385645195051374,
        0.6538315391573072,
        0,
        -0.9698134351788243,
        -4.440892098500626e-16,
        -0.24384811040204601,
        0,
        -0.18009756249132267,
        -0.6741828020115508,
        0.7162697937624749,
        0,
        426.366621637409,
        -133.97396214905103,
        57.820525460056594,
        1
      ],
      "mesh": 2
    },
    {
      "matrix": [
        0.24309597899112567,
        0.9619269768566363,
        -0.12490330737734029,
        0,
        -0.4570080368896343,
        0,
        -0.889462564821186,
        0,
        -0.8555980360055935,
        0.2733065882767047,
        0.4396083593244321,
        0,
        45.322371005642424,
        54.03732862340738,
        -27.694284886277547,
        1
      ],
      "mesh": 2
    },
    {
      "matrix": [
        0.016098981038044746,
        0.9976314279882352,
        0.06687568092880307,
        0,
        -0.9722260187084439,
        2.220446049250313e-16,
        0.2340439457587573,
        0,
        0.23348959581931011,
        -0.06878614606266581,
        0.9699232313714219,
        0,
        352.5893939861845,
        -59.5627721763376,
        -11.951363619699336,
        1
      ],
      "mesh": 2
    },
    {
      "matrix": [
        -0.05068063210373497,
        0.9895176199085808,
        -0.1352270439668885,
        0,
        -0.9363963411542308,
        4.440892098500626e-16,
        0.35094428656550164,
        0,
        0.3472655551628102,
        0.14441218747203072,
        0.9265806787900384,
        0,
        29.82093638718898,
        92.37662079912856,
        23.061977265707785,
        1
      ],
      "mesh": 2
    },
    {
      "matrix": [
        0.5003529309122001,
        0.8369776709452931,
        0.2216197709288676,
        0,
        -0.40497947796840916,
        0,
        0.9143257747785714,
        0,
        0.7652702574594192,
        -0.5472370403572777,
        0.33895878025063964,
        0,
        241.8225299582505,
        -73.43062277582582,
        -23.63832106412394,
        1
      ],
      "mesh": 2
    },
    {
      "matrix": [
        0.5413263094163989,
        0.771152111004096,
        0.33509737156168085,
        0,
        0.5263439501316596,
        5.551115123125783e-16,
        -0.8502717484191746,
        0,
        -0.6556888537205905,
        0.636650941799292,
        -0.4058912482582637,
        0,
        440.16945774449584,
        -94.95262843218808,
        29.520423373769415,
        1
      ],
      "mesh": 2
    },
    {
      "matrix": [
        -0.8983127494338325,
        0.4240524020859897,
        0.11495113957560826,
        0,
        0.12692840130037167,
        -2.220446049250313e-16,
        0.9919118816423826,
        0,
        0.4206226160680862,
        0.9056376539682427,
        -0.05382429346435713,
        0,
        362.24584492003964,
        -95.33292384231103,
        6.727044234615594,
        1
      ],
      "mesh": 2
    },
    {
      "matrix": [
        -0.08624347267732357,
        0.9695201294243447,
        0.22933116243013654,
        0,
        -0.9360009751328178,
        0,
        -0.35199740702228827,
        0,
        -0.34126857161328267,
        -0.24501167041796582,
        0.9074717865520822,
        0,
        3.91059920725633,
        -97.44439318904246,
        34.643780806182626,
        1
      ],
      "mesh": 2
    },
    {
      "matrix": [
        0.013517283117605694,
        0.9979910744999223,
        0.06189586638548228,
        0,
        -0.9769738934145964,
        -2.220446049250313e-16,
        0.21335887979253426,
        0,
        0.21293025769825097,
        -0.0633546779527052,
        0.9750112256472053,
        0,
        587.1738159816812,
        -63.24049347926232,
        0.7191778441452286,
        1
      ],
      "mesh": 2
    },
    {
      "matrix": [
        0.684516559349502,
        0.7022024840312981,
        0.1958283722972605,
        0,
        0.27504861900355315,
        -4.440892098500626e-16,
        -0.9614303184236695,
        0,
        -0.6751187578201026,
        0.7119772969837416,
        -0.19313982349367342,
        0,
        551.736687181079,
        15.828427202254076,
        -31.517145324785275,
        1
      ],
      "mesh": 2
    },
    {
      "matrix": [
        -0.25769890994691624,
        0.964012099937701,
        0.06536010240104445,
        0,
        -0.24584557258355966,
        1.1102230246251565e-16,
        -0.9693090087485319,
        0,
        -0.9344256130122037,
        -0.2658583667551275,
        0.23699810668666388,
        0,
        215.95095196485835,
        -33.03530168353472,
        33.16920100689372,
        1
      ],
      "mesh": 2
    },
    {
      "matrix": [
        -0.02734115028407169,
        0.9919832447391692,
        -0.12337626861715709,
        0,
        -0.976313912482341,
        1.1102230246251565e-16,
        0.21635883225194075,
        0,
        0.21462433644525783,
        0.12636946686897554,
        0.9684870427882263,
        0,
        511.41096243967553,
        -99.39843199817716,
        1.632461455370429,
        1
      ],
      "mesh": 2
    },
    {
      "matrix": [
        0.41143737227361044,
        0.8411696190351626,
        0.35093156128912883,
        0,
        0.6489462688249213,
        2.220446049250313e-16,
        -0.7608342396200453,
        0,
        -0.6399906474901013,
        0.5407713675965463,
        -0.5458738857217493,
        0,
        482.37017446827656,
        -92.73741834861303,
        -34.16020653609749,
        1
      ],
      "mesh": 2
    },
    {
      "matrix": [
        -0.02141102867246647,
        0.9862582010945619,
        -0.1638179740593362,
        0,
        0.9915666343216135,
        3.3306690738754696e-16,
        -0.1295978769120359,
        0,
        -0.12781696894893893,
        -0.16521126103785583,
        -0.977940725031424,
        0,
        9.814607398833965,
        -72.85323430242849,
        -44.08102976577687,
        1
      ],
      "mesh": 2
    },
    {
      "matrix": [
        0.15059778049101058,
        0.9825970514766227,
        -0.10873519642060936,
        0,
        0.5853848756517896,
        0,
        0.8107555410591645,
        0,
        0.7966460041130691,
        -0.18574992443994992,
        -0.5751974527944581,
        0,
        29.392523101951944,
        42.44057380392473,
        -5.625865820164881,
        1
      ],
      "mesh": 2
    },
    {
      "matrix": [
        0.23547032041231697,
        0.8966085603038457,
        -0.3750290892648005,
        0,
        0.8469032717632891,
        0,
        0.5317469776845338,
        0,
        0.47676889210765105,
        -0.4428239939184245,
        -0.7593407232122993,
        0,
        39.31738660533343,
        95.75828135262603,
        -20.305160182321448,
        1
      ],
      "mesh": 2
    },
    {
      "matrix": [
        -0.09190042272524113,
        0.9954894933456049,
        0.023558033479737117,
        0,
        -0.24831425277999197,
        1.1102230246251565e-16,
        -0.9686795300130553,
        0,
        -0.9643102945469553,
        -0.09487185377397495,
        0.24719422969044702,
        0,
        -15.214259244121632,
        -63.5310828126793,
        21.06076616361376,
        1
      ],
      "mesh": 2
    },
    {
      "matrix": [
        0.11389657217923466,
        0.9921557693821326,
        0.05152184126726167,
        0,
        0.41214928605644147,
        0,
        -0.9111163295667386,
        0,
        -0.9039693229579121,
        0.1250077168887927,
        -0.40891629200762547,
        0,
        548.6588588823629,
        -108.08681703771879,
        -22.035449729363087,
        1
      ],
      "mesh": 2
    },
    {
      "matrix": [
        0.32061012889011387,
        0.9439242172849964,
        -0.07884299129263883,
        0,
        -0.2388007881153384,
        0,
        -0.9710685782144808,
        0,
        -0.9166151476211583,
        0.33016219048053724,
        0.22540984700881117,
        0,
        562.2760550010745,
        -47.62593145626675,
        -20.27439021244688,
        1
      ],
      "mesh": 2
    },
    {
      "matrix": [
        0.2984939040280774,
        0.9518178016812215,
        -0.0703154439707509,
        0,
        0.22929140762820582,
        0,
        0.9733578223797639,
        0,
        0.9264593027467276,
        -0.30666410354445944,
        -0.2182436435530719,
        0,
        605.7249563334292,
        -72.17647313621262,
        -30.03924219512816,
        1
      ],
      "mesh": 2
    },
    {
      "matrix": [
        0.7230515799274708,
        0.48909389120861285,
        0.48783560586206265,
        0,
        0.5592962486763144,
        0,
        -0.8289678559610151,
        0,
        -0.40544311435883373,
        0.8722311422910888,
        -0.2735483786034787,
        0,
        140.70145308469333,
        -38.06256532516195,
        -23.347854235175394,
        1
      ],
      "mesh": 2
    },
    {
      "matrix": [
        -0.08338145640052574,
        0.9893858652334228,
        -0.11900900136056328,
        0,
        0.8189888670377116,
        1.1102230246251565e-16,
        -0.5738094070928825,
        0,
        -0.567718916715669,
        -0.14531211125130392,
        -0.810296008830647,
        0,
        534.8655506042575,
        -60.73164851222163,
        10.669861555406442,
        1
      ],
      "mesh": 2
    },
    {
      "matrix": [
        -0.0055667274890192076,
        0.9999696729756641,
        -0.005446528619827196,
        0,
        -0.6993477550128172,
        0,
        0.7147815873107902,
        0,
        0.7147599101121969,
        0.007788011873616996,
        0.6993265458764315,
        0,
        356.09974205832265,
        -39.50691923909303,
        27.08095692741673,
        1
      ],
      "mesh": 2
    },
    {
      "matrix": [
        0.033227139004477046,
        0.9975271942755966,
        0.0619310416046252,
        0,
        0.8811848775782127,
        0,
        -0.47277183876312945,
        0,
        -0.4716027658538992,
        0.07028155291864754,
        -0.8790058785686794,
        0,
        522.3060193316883,
        -75.07391749499817,
        -50.216467217445626,
        1
      ],
      "mesh": 2
    },
    {
      "matrix": [
        0.5659259188203756,
        0.786846697501651,
        0.2461709345923257,
        0,
        -0.398884439378647,
        -2.220446049250313e-16,
        0.9170012017558008,
        0,
        0.7215393672065971,
        -0.6171485028992175,
        0.3138609038098856,
        0,
        432.05354402163914,
        -194.66122466074648,
        5.358178013863749,
        1
      ],
      "mesh": 2
    },
    {
      "matrix": [
        0.6147620558996466,
        0.7789029642085255,
        -0.12400720532780435,
        0,
        0.1977330797794849,
        -2.220446049250313e-16,
        0.980255899834793,
        0,
        0.7635242260642157,
        -0.6271444589145092,
        -0.15401488196232171,
        0,
        476.930313319998,
        -21.71164241997061,
        -27.46567847131375,
        1
      ],
      "mesh": 2
    },
    {
      "matrix": [
        -0.9390694288887325,
        0.20694310308678837,
        0.27445065095823695,
        0,
        0.2805231412056661,
        1.1102230246251565e-16,
        0.9598472624579942,
        0,
        0.19863377098241636,
        0.9783529792895868,
        -0.058052329328753594,
        0,
        61.88397968180085,
        160.02008928506825,
        -30.961693820770254,
        1
      ],
      "mesh": 2
    },
    {
      "matrix": [
        0.5810212103456399,
        0.8133692571272166,
        0.029065524058708714,
        0,
        -0.04996241714920574,
        -2.220446049250313e-16,
        0.9987510985588997,
        0,
        0.8123534390898437,
        -0.5817477559564108,
        0.04063789412092944,
        0,
        623.7179810689292,
        -35.563851352678505,
        -18.711852071610462,
        1
      ],
      "mesh": 2
    },
    {
      "matrix": [
        0.17003792497197945,
        0.9814404595584467,
        -0.08866638829301798,
        0,
        0.46236494077127316,
        1.1102230246251565e-16,
        0.8866897211232219,
        0,
        0.8702331673849258,
        -0.1917671096452796,
        -0.45378365995427217,
        0,
        91.52441098968066,
        67.77778144016212,
        -49.800205035779975,
        1
      ],
      "mesh": 2
    },
    {
      "matrix": [
        0.01717677125561079,
        0.994708116705831,
        -0.1012952175019691,
        0,
        -0.9859255808167452,
        2.220446049250313e-16,
        -0.1671847752971648,
        0,
        -0.16630005297773034,
        0.10274124079228747,
        0.9807081777063273,
        0,
        335.36029416840177,
        -61.06021704577695,
        38.83888317850017,
        1
      ],
      "mesh": 2
    },
    {
      "matrix": [
        0.37804441638091346,
        0.7685903271376106,
        0.516092364091657,
        0,
        -0.8067204319881923,
        0,
        0.5909332827086188,
        0,
        0.45418560507351935,
        -0.6397412828874661,
        0.6200375207303992,
        0,
        149.79614534357754,
        -132.531484451927,
        36.31038945375348,
        1
      ],
      "mesh": 2
    },
    {
      "matrix": [
        -0.9034803401203513,
        0.2975439228155205,
        0.30853020761599,
        0,
        -0.3231670474306149,
        1.1102230246251565e-16,
        -0.9463419358006802,
        0,
        -0.28157829190296785,
        -0.9547081302657643,
        0.0961563910172144,
        0,
        -56.54090227361709,
        -139.7512192471322,
        0.8491219715926659,
        1
      ],
      "mesh": 2
    },
    {
      "matrix": [
        0.14144532619411698,
        0.9470389874602875,
        -0.2882887023940297,
        0,
        -0.8977639446801177,
        1.1102230246251565e-16,
        -0.4404769002256471,
        0,
        -0.41714879758934276,
        0.32111860150136673,
        0.8502174571482122,
        0,
        29.674012207093185,
        -15.638406840912669,
        -12.863395994168538,
        1
      ],
      "mesh": 2
    },
    {
      "matrix": [
        -0.11523462341651047,
        0.9839978074092404,
        -0.13590179020109444,
        0,
        0.7627194777540749,
        2.220446049250313e-16,
        -0.6467294629553777,
        0,
        -0.6363803735350473,
        -0.1781805685640477,
        -0.7505142937783305,
        0,
        219.26568857550785,
        -112.11931216169812,
        -43.57210194649963,
        1
      ],
      "mesh": 2
    },
    {
      "matrix": [
        -0.0026102588811389715,
        0.9999963626435833,
        0.0006791525430718814,
        0,
        -0.2518023616081433,
        0,
        -0.9677786785668312,
        0,
        -0.9677751584108447,
        -0.0026971651049434997,
        0.2518014457132074,
        0,
        465.6713613711628,
        -12.235053694685437,
        0.5212192352967189,
        1
      ],
      "mesh": 2
    },
    {
      "matrix": [
        0.03315946575330986,
        0.9971809030662474,
        -0.06731044785870166,
        0,
        0.8970543845429689,
        -4.440892098500626e-16,
        0.4419201637991141,
        0,
        0.4406743480203844,
        -0.07503496891439315,
        -0.8945255012780944,
        0,
        81.55470956020785,
        68.89708517570737,
        -62.466087929903544,
        1
      ],
      "mesh": 2
    },
    {
      "matrix": [
        0.15059778049101058,
        0.9825970514766227,
        -0.10873519642060936,
        0,
        0.5853848756517896,
        0,
        0.8107555410591645,
        0,
        0.7966460041130691,
        -0.18574992443994992,
        -0.5751974527944581,
        0,
        29.130781616271143,
        40.62402124589243,
        -3.661098875163616,
        1
      ],
      "mesh": 2
    },
    {
      "matrix": [
        -0.3149100360396526,
        0.9463475345402579,
        0.07251215809146005,
        0,
        -0.22439118612041448,
        0,
        -0.9744991511496939,
        0,
        -0.9222148691020866,
        -0.32315065197145443,
        0.212352045757618,
        0,
        -9.52416195596596,
        -107.20915418628344,
        18.183123195396053,
        1
      ],
      "mesh": 2
    },
    {
      "matrix": [
        0.3153026708731259,
        0.5131623993031172,
        0.7982785088437124,
        0,
        -0.9300785107902693,
        0,
        0.3673608086965113,
        0,
        0.18851575400063525,
        -0.8582915308573584,
        0.477281320137405,
        0,
        138.41066769970797,
        -140.73157924314359,
        40.91484644895582,
        1
      ],
      "mesh": 2
    },
    {
      "matrix": [
        0.042303285023796544,
        0.9990762603794645,
        -0.007553676083871197,
        0,
        0.17577976957404529,
        0,
        0.9844295163232843,
        0,
        0.983520159775432,
        -0.042972385856322015,
        -0.17561739483640126,
        0,
        499.02661478483304,
        -96.64622698897868,
        -57.55703677201087,
        1
      ],
      "mesh": 2
    },
    {
      "matrix": [
        -0.056108808086221096,
        0.9889117908545181,
        0.13749644200506927,
        0,
        0.9258763574308263,
        1.1102230246251565e-16,
        0.3778266411340321,
        0,
        0.373637220316403,
        0.14850410738060338,
        -0.9156100467367763,
        0,
        639.2118331607527,
        -101.98519485337982,
        -2.5823898855799636,
        1
      ],
      "mesh": 2
    },
    {
      "matrix": [
        0.16519094763379671,
        0.9836136819012868,
        0.07222240370163902,
        0,
        0.4005923950252522,
        0,
        -0.9162563686261245,
        0,
        -0.9012423003098449,
        0.18028900348217114,
        -0.39402816061244295,
        0,
        557.7755278121447,
        -84.32817313187383,
        -32.954362263155055,
        1
      ],
      "mesh": 2
    },
    {
      "matrix": [
        0.044694505017653374,
        0.9667409426188373,
        0.25182206234893006,
        0,
        -0.9846122364635822,
        2.220446049250313e-16,
        0.1747533799563899,
        0,
        0.16894124726486826,
        -0.2557575998175644,
        0.9518649615928455,
        0,
        348.89569066186544,
        -117.97604627069755,
        36.76147402636073,
        1
      ],
      "mesh": 2
    },
    {
      "matrix": [
        0.13446604975648235,
        0.9896188651393636,
        0.0507285247485566,
        0,
        0.35297575113638474,
        3.3306690738754696e-16,
        -0.9356324701022857,
        0,
        -0.9259195432501637,
        0.14371674140571666,
        -0.3493114622613034,
        0,
        333.1833756819185,
        -21.305438256347127,
        -43.81490215781272,
        1
      ],
      "mesh": 2
    },
    {
      "matrix": [
        0.020541375894786995,
        0.9989516346307592,
        0.04091067763900991,
        0,
        -0.893674151773739,
        0,
        0.44871651457405487,
        0,
        0.448246095719569,
        -0.04577806973359538,
        0.8927372547416339,
        0,
        482.2545212320201,
        -175.20543453678573,
        -38.948270262446286,
        1
      ],
      "mesh": 2
    },
    {
      "matrix": [
        -0.7462176900182511,
        0.4569590107861695,
        -0.4840946411241811,
        0,
        -0.5442398049616705,
        5.551115123125783e-16,
        0.8389296959193199,
        0,
        0.3833564839664346,
        0.8894877528450434,
        0.24869528290574272,
        0,
        245.40859439157063,
        -82.97008724129519,
        -24.241166305117158,
        1
      ],
      "mesh": 2
    },
    {
      "matrix": [
        -0.012409603024554183,
        0.8942576600144108,
        -0.4473804189482625,
        0,
        0.999615513308781,
        5.551115123125783e-16,
        -0.027727703699036377,
        0,
        -0.02479571142747314,
        -0.4475524969269526,
        -0.8939138298456144,
        0,
        -20.537768360896273,
        -16.461192846042806,
        -25.39172690542686,
        1
      ],
      "mesh": 2
    },
    {
      "matrix": [
        0.12756457147681188,
        0.9869578732146154,
        0.0981908173080398,
        0,
        0.609961377254344,
        -2.220446049250313e-16,
        -0.7924311441746749,
        0,
        -0.7820961567236612,
        0.16097874549046387,
        -0.6020061836380051,
        0,
        258.65675731250883,
        -97.1769783355705,
        11.693930882034994,
        1
      ],
      "mesh": 2
    },
    {
      "matrix": [
        0.01737136916029658,
        0.9998291277168199,
        0.006320672631891011,
        0,
        -0.3419251462389787,
        2.220446049250313e-16,
        0.9397271914600815,
        0,
        0.9395666181293105,
        -0.01848554486680981,
        0.3418667207085643,
        0,
        30.441051062511484,
        -7.636063689999513,
        21.042940582264862,
        1
      ],
      "mesh": 2
    },
    {
      "matrix": [
        0.00395964952441219,
        0.9992280327553901,
        0.039085287915486905,
        0,
        -0.9949075177720826,
        3.3306690738754696e-16,
        0.1007920189330119,
        0,
        0.10071421079587753,
        -0.039285347851236885,
        0.9941394817569469,
        0,
        422.76171876179365,
        -51.936144152020155,
        -22.693496128932686,
        1
      ],
      "mesh": 2
    },
    {
      "matrix": [
        0.21660355233620854,
        0.9678426611125615,
        -0.12791983601416362,
        0,
        0.5085136990503107,
        1.1102230246251565e-16,
        0.861053899519751,
        0,
        0.8333646974725442,
        -0.25155632238239417,
        -0.49216125170104474,
        0,
        578.8212943940052,
        -24.124561329650433,
        -48.19558365057902,
        1
      ],
      "mesh": 2
    },
    {
      "matrix": [
        -0.1744604314703404,
        0.9772503646436416,
        -0.12060382520903945,
        0,
        0.5686473642537407,
        -2.220446049250313e-16,
        -0.8225814094223585,
        0,
        -0.8038679823070803,
        -0.2120889549313445,
        -0.5557108440706138,
        0,
        367.7411513380837,
        -248.39669859577376,
        -23.0200825980664,
        1
      ],
      "mesh": 2
    },
    {
      "matrix": [
        -0.014441286371284612,
        0.9978467297172472,
        -0.06397931885021818,
        0,
        -0.9754595280896311,
        -2.220446049250313e-16,
        0.22017881155813857,
        0,
        0.21970470706631856,
        0.06558890144372999,
        0.9733591000757674,
        0,
        96.45634136390603,
        -85.45729300133034,
        5.85599155935147,
        1
      ],
      "mesh": 2
    },
    {
      "matrix": [
        0.14625229626578884,
        0.9865126962333757,
        -0.07350487063684485,
        0,
        -0.44906362268162886,
        0,
        -0.8934997833150558,
        0,
        -0.8814488803220727,
        0.16368475851573772,
        0.4430069651919809,
        0,
        451.89671861469304,
        -181.86020692261215,
        -48.335597279616124,
        1
      ],
      "mesh": 2
    },
    {
      "matrix": [
        -0.5499164323115084,
        0.8033670496074393,
        0.2284585325148074,
        0,
        -0.3836517379459071,
        5.551115123125783e-16,
        -0.9234778524529349,
        0,
        -0.7418916777029287,
        -0.5954841589874894,
        0.3082131647903701,
        0,
        327.41591004088036,
        -128.39402274649063,
        22.963051442846286,
        1
      ],
      "mesh": 2
    },
    {
      "matrix": [
        -0.03918257921042945,
        0.9990000532684431,
        0.021531814973799135,
        0,
        0.48159925204028503,
        6.661338147750939e-16,
        0.8763915565740222,
        0,
        0.8755152117014622,
        0.04470898757126485,
        -0.48111767844228703,
        0,
        499.60066002925356,
        -57.05753746545398,
        -56.19625629147025,
        1
      ],
      "mesh": 2
    },
    {
      "matrix": [
        -0.08717164897150576,
        0.996175806212154,
        -0.005904805936997715,
        0,
        0.06758281687229833,
        2.220446049250313e-16,
        -0.9977136677742795,
        0,
        -0.993898217363928,
        -0.08737140903959961,
        -0.06732436708385015,
        0,
        -16.160703297295242,
        -64.27736181172534,
        15.606080972544552,
        1
      ],
      "mesh": 2
    },
    {
      "matrix": [
        -0.015151039643114261,
        0.999403458104782,
        -0.031035043514327565,
        0,
        -0.8986315546104032,
        -2.220446049250313e-16,
        0.4387041475282518,
        0,
        0.4384424421246453,
        0.03453589333148077,
        0.898095483239713,
        0,
        347.260575528554,
        -86.80923312578574,
        36.644863369286256,
        1
      ],
      "mesh": 2
    },
    {
      "matrix": [
        -0.05624435892074242,
        0.9973337343396294,
        -0.04649725193776122,
        0,
        0.6371625737930793,
        2.220446049250313e-16,
        -0.7707294301876491,
        0,
        -0.768674460774503,
        -0.0729754914212229,
        -0.6354637291025012,
        0,
        -7.990085726561962,
        -74.9520174585372,
        -0.9231171903410875,
        1
      ],
      "mesh": 2
    },
    {
      "matrix": [
        0.7992574763131985,
        0.5101799087206417,
        0.31765381674907434,
        0,
        0.36933582570225654,
        1.1102230246251565e-16,
        -0.9292959958230921,
        0,
        -0.47410814632348297,
        0.860067707066018,
        -0.1884277178440399,
        0,
        420.6996740585959,
        -232.97775854353117,
        -40.43464927611992,
        1
      ],
      "mesh": 2
    },
    {
      "matrix": [
        0.08030009999764165,
        0.9967604255618767,
        0.004532987323596749,
        0,
        0.056360851067845996,
        -4.440892098500626e-16,
        -0.9984104639209811,
        0,
        -0.9951760389033074,
        0.08042794311498447,
        -0.05617826589541597,
        0,
        327.62643385558965,
        -17.861440409654374,
        -32.66605251841559,
        1
      ],
      "mesh": 2
    },
    {
      "matrix": [
        -0.34722145708021346,
        0.8553837781302481,
        -0.38439023381807735,
        0,
        -0.7420735664844814,
        -4.440892098500626e-16,
        0.6703184481461049,
        0,
        0.5733795267256199,
        0.5179947800042224,
        0.6347576909500834,
        0,
        259.6763450137257,
        -36.05200426262252,
        42.745856975780654,
        1
      ],
      "mesh": 2
    },
    {
      "matrix": [
        0.3557676483372231,
        0.934493449195316,
        0.012303406343101675,
        0,
        0.03456204009103048,
        -2.220446049250313e-16,
        -0.999402554221644,
        0,
        -0.9339351400291929,
        0.355980327280935,
        -0.032298000055893894,
        0,
        0.5382845171691972,
        110.15046415585763,
        -5.525841616253548,
        1
      ],
      "mesh": 2
    },
    {
      "matrix": [
        -0.021140947273253774,
        0.986880869079442,
        -0.16006002184616586,
        0,
        -0.9913897507354514,
        -2.220446049250313e-16,
        0.13094411837382952,
        0,
        0.12922624534160615,
        0.16145014786306505,
        0.9783835788022536,
        0,
        -18.047643021670304,
        3.415456992015669,
        18.526225526250222,
        1
      ],
      "mesh": 2
    },
    {
      "matrix": [
        -0.45684445524010764,
        0.8882081986043373,
        0.048778475257090614,
        0,
        0.10616914113388287,
        6.661338147750939e-16,
        0.9943480846619523,
        0,
        0.8831881210632659,
        0.4594411778803001,
        -0.09430030159389569,
        0,
        91.01134204232913,
        139.4111875678514,
        -33.57631857836508,
        1
      ],
      "mesh": 2
    },
    {
      "matrix": [
        0.07497850666679828,
        0.9563671925178168,
        -0.282382748434825,
        0,
        0.9665100990860926,
        3.3306690738754696e-16,
        0.2566285805684766,
        0,
        0.24543115511810645,
        -0.2921674059089904,
        -0.9243385500030832,
        0,
        -39.37802976895767,
        -27.074020075675584,
        -21.4719691551037,
        1
      ],
      "mesh": 2
    },
    {
      "matrix": [
        0.06447832009424659,
        0.9973755831014176,
        -0.032931633286712225,
        0,
        -0.454848733323891,
        2.220446049250313e-16,
        -0.8905687114387364,
        0,
        -0.8882314878630881,
        0.07240128612881536,
        0.45365502062185736,
        0,
        448.3029192822939,
        -163.58604426870338,
        -47.631333737927626,
        1
      ],
      "mesh": 2
    },
    {
      "matrix": [
        0.18063650579223733,
        0.910678331380384,
        -0.37153119590339984,
        0,
        0.899338286515213,
        -2.220446049250313e-16,
        0.43725352646706106,
        0,
        0.39819731187321167,
        -0.41311617827705505,
        -0.8190078901101678,
        0,
        25.321413600424755,
        -76.85455211558998,
        -44.01296449143651,
        1
      ],
      "mesh": 2
    },
    {
      "matrix": [
        -0.1555610336596458,
        0.70858842043633,
        -0.6882610080705496,
        0,
        -0.9753961440795982,
        0,
        0.22045943417021507,
        0,
        0.15621500222895968,
        0.7056220308518907,
        0.6911544130330497,
        0,
        174.6361852548799,
        -88.65376641145016,
        13.789392156649363,
        1
      ],
      "mesh": 2
    },
    {
      "matrix": [
        -0.22791907834390135,
        0.858775694296077,
        -0.45886512246318834,
        0,
        -0.8956056658165507,
        1.1102230246251565e-16,
        0.4448488410205117,
        0,
        0.3820253723041952,
        0.5123517413713848,
        0.769124377477109,
        0,
        170.9117718995849,
        -100.5724495081455,
        28.634469947951096,
        1
      ],
      "mesh": 2
    },
    {
      "matrix": [
        0.37962362871190736,
        0.9240155141712778,
        -0.04562050081260627,
        0,
        0.11931452022306094,
        0,
        0.9928565078922236,
        0,
        0.9174148166383322,
        -0.38235497848307026,
        -0.11024846775201103,
        0,
        77.46924884709286,
        -0.354353242076316,
        -38.53938918006886,
        1
      ],
      "mesh": 2
    },
    {
      "matrix": [
        0.042049495143890336,
        0.9988904875509793,
        -0.021204571165452768,
        0,
        -0.45026574003516184,
        2.220446049250313e-16,
        -0.8928945981192786,
        0,
        -0.8919039204470018,
        0.04709345899556322,
        0.4497661645912254,
        0,
        315.01837221000136,
        -68.48524133704237,
        24.898972208129763,
        1
      ],
      "mesh": 2
    },
    {
      "matrix": [
        0.06055124738350215,
        0.997683333947759,
        -0.031008250566362583,
        0,
        0.45580829478655105,
        0,
        0.8900779732157047,
        0,
        0.8880159597913083,
        -0.06802914936175825,
        -0.4547523391836892,
        0,
        96.09224904076152,
        90.49583032659415,
        -49.57257433769507,
        1
      ],
      "mesh": 2
    },
    {
      "matrix": [
        0.3263099927347298,
        0.915671113320287,
        -0.23466614769123934,
        0,
        -0.5838506732428793,
        2.220446049250313e-16,
        -0.8118610665340691,
        0,
        -0.7433977266546468,
        0.4019283670391851,
        0.5346151959811066,
        0,
        586.2206929735892,
        -13.111397268819937,
        -7.2571857943129245,
        1
      ],
      "mesh": 2
    },
    {
      "matrix": [
        -0.012520154033593967,
        0.9997588580850701,
        0.018040826572310598,
        0,
        0.8215448250403315,
        -2.220446049250313e-16,
        0.5701439295909863,
        0,
        0.5700064439920189,
        0.02195963752972946,
        -0.8213467161480206,
        0,
        99.68982371409538,
        -71.2950160762063,
        8.955865071394019,
        1
      ],
      "mesh": 2
    },
    {
      "matrix": [
        0.0781099538958604,
        0.996771148979299,
        0.018604076566034966,
        0,
        0.23169676394782762,
        0,
        -0.9727880599473375,
        0,
        -0.9696470722270507,
        0.08029493484951794,
        -0.23094864961506145,
        0,
        467.91448827121644,
        -29.430482834424346,
        13.7344491953978,
        1
      ],
      "mesh": 2
    },
    {
      "matrix": [
        -0.7214297012553397,
        0.4311475011083921,
        -0.5418957634403696,
        0,
        -0.6005839504861558,
        0,
        0.7995617039468831,
        0,
        0.3447290306386667,
        0.9022814595723384,
        0.25894026945791193,
        0,
        648.3593448650573,
        10.084410816319075,
        9.971414278815656,
        1
      ],
      "mesh": 2
    },
    {
      "matrix": [
        0.010815296887611181,
        0.9978650854659512,
        -0.06440730208029678,
        0,
        -0.9861926968727361,
        -4.440892098500626e-16,
        -0.16560182557834216,
        0,
        -0.16524827983404994,
        0.06530904384562505,
        0.9840872597508098,
        0,
        464.2266123618337,
        -183.75118436817868,
        -32.8285073575054,
        1
      ],
      "mesh": 2
    },
    {
      "matrix": [
        0.051657385927662114,
        0.19837667737910014,
        0.9787636120898389,
        0,
        0.9986101335450571,
        1.1102230246251565e-16,
        -0.052704849692630396,
        0,
        -0.010455412963788824,
        0.9801258561389083,
        -0.19810096028976787,
        0,
        256.1131566026781,
        29.539482590963566,
        -10.195103017556477,
        1
      ],
      "mesh": 2
    },
    {
      "matrix": [
        -0.8340408347806512,
        0.5380264224280988,
        0.12207970628903025,
        0,
        0.14482815863822984,
        1.1102230246251565e-16,
        0.9894568229414864,
        0,
        0.5323539145942806,
        0.8429279736544641,
        -0.07792137605897609,
        0,
        469.5879883698417,
        19.59510350379739,
        -12.09257104322102,
        1
      ],
      "mesh": 2
    },
    {
      "matrix": [
        -0.5683122711565329,
        0.6417273467273873,
        0.5149826938015792,
        0,
        -0.6714834118449612,
        -2.220446049250313e-16,
        -0.7410195865272728,
        0,
        -0.4755325331351723,
        -0.7669328604657828,
        0.4309092682547203,
        0,
        377.5152996494423,
        -263.7932294129529,
        -0.6485436816080621,
        1
      ],
      "mesh": 2
    },
    {
      "matrix": [
        0.17259543493388851,
        0.9785727035425404,
        -0.11227769022127737,
        0,
        -0.5452978356827298,
        1.1102230246251565e-16,
        -0.8382423697235368,
        0,
        -0.8202811019642671,
        0.20590158785556573,
        0.533613577299945,
        0,
        327.14461043486824,
        -51.75665800576983,
        -20.50718685311811,
        1
      ],
      "mesh": 2
    },
    {
      "matrix": [
        0.4110414544577694,
        0.9113508549815774,
        0.02201231113693236,
        0,
        -0.05347590702378041,
        0,
        0.9985691400038277,
        0,
        0.9100468395007069,
        -0.4116304399875544,
        0.04873531358703764,
        0,
        51.67678503110206,
        105.00657144557441,
        -2.832571339028487,
        1
      ],
      "mesh": 2
    },
    {
      "matrix": [
        0.09070172358553252,
        0.9948279263858488,
        0.04572301632051229,
        0,
        -0.4501422779012369,
        0,
        0.8929568464634143,
        0,
        0.8883384079192453,
        -0.10157458778076439,
        0.4478141089030898,
        0,
        362.6821184769282,
        -17.77625932081073,
        16.44316288588752,
        1
      ],
      "mesh": 2
    },
    {
      "matrix": [
        0.22331036634936519,
        0.7795290812326752,
        0.5852067086025703,
        0,
        0.9342886980239353,
        -2.220446049250313e-16,
        -0.35651736107059356,
        0,
        -0.2779156509188576,
        0.626366036365751,
        -0.7283052103766705,
        0,
        346.6497777301885,
        16.261211259816935,
        -41.31409168702094,
        1
      ],
      "mesh": 2
    },
    {
      "matrix": [
        -0.04004361856310834,
        0.9961272280556613,
        0.07827550152197663,
        0,
        -0.8902680503164314,
        0,
        -0.45543693151278364,
        0,
        -0.4536731281420052,
        -0.08792352089256136,
        0.8868202451882248,
        0,
        466.7540848541021,
        -106.49320412960982,
        -32.648707776183535,
        1
      ],
      "mesh": 2
    },
    {
      "matrix": [
        0.2289740333819852,
        0.9733343488289483,
        0.013825245983794587,
        0,
        0.06026933958965425,
        0,
        -0.9981821510653387,
        0,
        -0.9715649740198604,
        0.2293910316244444,
        -0.05866221840384678,
        0,
        534.0929918071006,
        -7.5478735145269376,
        5.442351211802755,
        1
      ],
      "mesh": 2
    },
    {
      "matrix": [
        -0.06307920879732354,
        0.9676136165628173,
        -0.24442770395298583,
        0,
        0.9682762773932962,
        1.1102230246251565e-16,
        -0.24988207346142338,
        0,
        -0.2417892968162235,
        -0.2524359107619692,
        -0.9369173106005091,
        0,
        101.09007446577758,
        -116.33976598776756,
        10.741471113256535,
        1
      ],
      "mesh": 2
    },
    {
      "matrix": [
        0.21702381155737804,
        0.9515463905721794,
        -0.2178534640673978,
        0,
        0.7084544999079246,
        0,
        0.7057564888544859,
        0,
        0.6715600395923806,
        -0.30750523018163,
        -0.6741273222720041,
        0,
        481.44948449072155,
        -216.56255271214673,
        -72.39969901084687,
        1
      ],
      "mesh": 2
    },
    {
      "matrix": [
        -0.22551476576622376,
        0.7135679074573038,
        0.6632977701367689,
        0,
        -0.9467755620058831,
        -2.220446049250313e-16,
        -0.3218944472780548,
        0,
        -0.22969354716632687,
        -0.700586069977847,
